1 15
15 1
1 16
16 1
2 6
6 2
2 12
12 2
2 19
19 2
2 21
21 2
2 23
23 2
2 28
28 2
3 5
5 3
3 8
8 3
3 18
18 3
3 27
27 3
3 29
29 3
4 5
5 4
4 6
6 4
4 8
8 4
4 11
11 4
4 18
18 4
4 23
23 4
5 2
2 5
5 7
7 5
5 12
12 5
5 15
15 5
5 25
25 5
6 1
1 6
6 5
5 6
6 8
8 6
6 11
11 6
6 12
12 6
6 19
19 6
6 26
26 6
6 28
28 6
7 2
2 7
7 3
3 7
7 5
5 7
7 6
6 7
7 20
20 7
7 25
25 7
7 27
27 7
8 3
3 8
8 6
6 8
8 14
14 8
8 15
15 8
8 20
20 8
9 1
1 9
9 18
18 9
9 22
22 9
10 1
1 10
10 5
5 10
10 9
9 10
10 12
12 10
10 22
22 10
10 25
25 10
10 27
27 10
10 28
28 10
11 7
7 11
11 12
12 11
11 23
23 11
11 24
24 11
11 25
25 11
11 27
27 11
11 28
28 11
12 1
1 12
12 10
10 12
12 11
11 12
12 15
15 12
12 20
20 12
13 18
18 13
13 21
21 13
13 27
27 13
14 3
3 14
14 6
6 14
14 16
16 14
14 18
18 14
14 26
26 14
15 6
6 15
15 23
23 15
15 27
27 15
15 28
28 15
16 8
8 16
16 9
9 16
16 13
13 16
16 17
17 16
16 19
19 16
16 27
27 16
17 8
8 17
17 9
9 17
17 10
10 17
17 12
12 17
17 19
19 17
17 29
29 17
18 2
2 18
18 7
7 18
18 12
12 18
18 21
21 18
18 25
25 18
18 28
28 18
19 7
7 19
19 8
8 19
19 9
9 19
19 16
16 19
19 18
18 19
20 4
4 20
20 12
12 20
20 16
16 20
20 22
22 20
20 27
27 20
20 28
28 20
21 8
8 21
21 12
12 21
21 17
17 21
21 19
19 21
22 6
6 22
22 20
20 22
22 21
21 22
22 24
24 22
22 26
26 22
22 29
29 22
23 2
2 23
23 14
14 23
23 28
28 23
23 29
29 23
24 1
1 24
24 6
6 24
24 7
7 24
24 8
8 24
24 15
15 24
24 25
25 24
24 27
27 24
25 1
1 25
25 2
2 25
25 7
7 25
25 10
10 25
25 11
11 25
25 13
13 25
25 23
23 25
26 6
6 26
26 14
14 26
26 25
25 26
26 29
29 26
27 4
4 27
27 5
5 27
27 8
8 27
27 12
12 27
27 15
15 27
27 19
19 27
27 23
23 27
27 26
26 27
28 7
7 28
28 19
19 28
28 26
26 28
29 3
3 29
29 10
10 29
29 24
24 29
29 26
26 29
29 28
28 29
